27.7300 40.3100 47.0 0.129
27.3500 40.6900 46.0 0.129
28.0400 41.0300 45.0 0.129
27.0700 40.4900 45.0 0.124
26.8100 40.6000 45.0 0.118
27.8900 40.3200 45.0 0.113
27.4900 40.2300 38.0 0.103
27.2800 40.6000 35.0 0.134
29.8070 40.3070 33.0 0.160
29.6440 40.3430 33.0 0.155
27.3940 40.6990 33.0 0.144
27.0770 40.3560 33.0 0.129
27.6640 40.8730 33.0 0.113
28.8510 40.4430 33.0 0.092
28.7260 40.8460 33.0 0.087
29.4140 40.3020 33.0 0.077
28.9940 40.7510 31.5 0.155
29.2250 40.4080 28.4 0.155
28.8450 40.3710 28.4 0.077
27.6520 40.7960 28.0 0.077
27.4180 40.9320 28.0 0.072
27.5880 40.4130 28.0 0.051
27.7020 41.0360 27.8 0.176
27.9030 40.8540 25.9 0.150
27.5610 40.7830 25.3 0.139
29.6320 40.2450 25.0 0.087
28.1420 40.7990 23.7 0.160
27.6720 40.8560 23.6 0.186
28.5310 40.3420 23.4 0.087
27.7740 40.8220 23.3 0.176
28.9040 40.4290 23.0 0.160
29.0740 40.6290 23.0 0.082
29.0950 40.6580 22.7 0.082
29.8960 40.6860 22.4 0.144
29.9860 40.7500 22.2 0.113
29.1460 40.6390 22.0 0.077
29.0500 40.6030 21.8 0.092
28.7610 40.8670 21.7 0.092
29.2510 40.4200 21.6 0.155
27.3760 40.6330 21.5 0.144
27.5030 40.7890 21.2 0.092
29.0170 40.6230 21.0 0.176
29.1990 40.7790 21.0 0.082
27.7170 40.6080 20.9 0.129
26.9780 40.5040 20.0 0.129
27.7540 40.8080 20.0 0.129
28.8910 41.1880 20.0 0.082
27.6860 40.7900 20.0 0.082
29.0820 40.6120 20.0 0.077
29.4960 40.7950 20.0 0.061
29.9750 40.3950 19.9 0.150
29.2870 40.7210 19.4 0.139
29.0960 40.6370 19.4 0.082
28.5560 40.6870 19.1 0.150
27.7470 40.2580 19.0 0.087
28.7930 40.2000 19.0 0.077
29.5390 40.8380 19.0 0.077
27.0100 40.5690 18.6 0.150
27.6230 40.7720 18.6 0.113
27.7070 40.6240 18.4 0.103
29.3280 41.2520 17.8 0.144
27.3160 40.2890 17.8 0.129
29.2030 40.4290 17.7 0.072
27.2990 40.7490 17.5 0.092
27.4840 40.6630 17.4 0.139
29.1850 40.6300 17.3 0.118
28.4360 40.4250 17.2 0.165
29.8640 40.7480 17.0 0.337
27.3850 40.7680 17.0 0.087
28.8020 40.4380 17.0 0.077
29.1040 40.6400 16.8 0.092
28.3580 40.5760 16.6 0.087
29.4450 40.9630 16.5 0.082
27.7520 40.8020 16.4 0.207
28.0280 40.7930 16.4 0.108
27.6950 40.8460 16.0 0.170
27.7030 40.6080 16.0 0.155
29.2200 40.7190 16.0 0.087
27.6210 40.4170 16.0 0.087
27.6080 40.3920 16.0 0.087
27.4130 40.3750 15.8 0.134
29.0640 40.4680 15.8 0.092
27.6960 40.2070 15.7 0.092
28.2270 40.8570 15.6 0.217
27.9410 40.2470 15.5 0.155
28.3083 40.8178 15.1 0.113
28.0030 40.2650 15.1 0.098
28.1740 40.7910 15.0 0.129
27.6970 40.8000 15.0 0.113
27.7760 40.8170 15.0 0.098
29.8250 40.6830 15.0 0.092
29.3360 41.0690 15.0 0.087
28.8870 41.0600 15.0 0.087
29.9430 40.7020 15.0 0.087
27.4290 40.7100 15.0 0.077
27.5030 40.6500 15.0 0.077
28.6390 40.3500 15.0 0.077
29.4990 40.8640 15.0 0.072
29.1790 40.3030 15.0 0.072
29.6090 41.0180 15.0 0.066
27.3610 40.6020 15.0 0.061
27.9210 40.8480 14.9 0.196
28.9280 40.2110 14.8 0.176
29.3320 40.4870 14.8 0.092
29.9870 40.7340 14.8 0.082
28.9960 40.4230 14.6 0.134
28.6150 40.7420 14.5 0.077
28.0170 40.4510 14.3 0.139
29.2350 40.4170 14.2 0.087
27.4427 40.3423 14.1 0.170
28.8450 40.4130 14.0 0.150
27.6290 40.4150 14.0 0.118
27.4980 40.3730 14.0 0.113
28.0490 40.9080 14.0 0.103
27.6620 40.5520 14.0 0.098
27.7020 40.7920 14.0 0.092
28.8140 40.9110 14.0 0.092
27.7340 40.5980 14.0 0.087
27.9820 40.8860 14.0 0.087
29.9550 40.7070 14.0 0.087
28.9480 40.5760 14.0 0.082
29.3110 40.9070 14.0 0.082
28.8850 41.1660 14.0 0.082
28.9910 40.3100 14.0 0.082
29.0580 40.7420 14.0 0.082
27.8430 40.5040 14.0 0.077
28.9750 40.2540 14.0 0.077
28.7660 40.8260 14.0 0.077
29.1350 40.4290 14.0 0.077
28.9830 40.4310 14.0 0.072
28.1480 40.3000 14.0 0.072
28.8660 40.4430 14.0 0.072
29.4470 40.8530 14.0 0.066
27.9800 40.3880 13.9 0.150
29.1380 40.3400 13.9 0.092
27.6930 41.0880 13.7 0.082
29.9280 40.7580 13.6 0.072
28.9340 41.1750 13.6 0.072
27.4840 40.7680 13.4 0.077
29.1270 40.6580 13.2 0.108
27.5530 40.5960 13.2 0.108
29.4100 40.3380 13.2 0.103
29.0460 40.6690 13.2 0.098
29.1560 40.7020 13.2 0.082
29.1440 40.7180 13.1 0.202
29.8980 40.7740 13.1 0.103
29.8690 40.7330 13.0 0.108
27.5540 40.7890 13.0 0.098
29.7980 40.7510 13.0 0.098
29.3600 40.7320 13.0 0.092
27.4320 40.7900 13.0 0.092
27.8940 40.3350 13.0 0.087
28.1100 40.2410 13.0 0.087
29.3300 41.0710 13.0 0.082
29.1570 40.6860 13.0 0.082
28.7950 40.8800 13.0 0.082
28.2470 40.8430 13.0 0.082
29.2270 40.8090 13.0 0.077
29.7290 40.6880 13.0 0.077
29.2110 40.7900 13.0 0.077
27.1620 40.5470 13.0 0.077
28.0820 40.7290 13.0 0.077
29.4880 40.8120 13.0 0.072
27.5910 40.3240 13.0 0.066
29.9640 40.7050 12.9 0.087
29.9640 40.7050 12.9 0.087
28.1200 40.5660 12.8 0.144
28.1897 40.8342 12.7 0.264
27.7650 40.8200 12.7 0.170
27.2980 40.7000 12.7 0.155
27.1790 40.2940 12.6 0.150
29.8780 40.6750 12.6 0.144
29.8080 40.7870 12.6 0.077
29.0200 40.7810 12.5 0.150
29.0587 40.7300 12.4 0.160
28.6160 40.7450 12.3 0.129
27.9282 40.2083 12.1 0.181
28.9250 40.4300 12.1 0.165
27.4720 40.4180 12.1 0.113
28.0400 40.2830 12.1 0.092
29.6600 40.2190 12.1 0.082
26.9768 40.2968 12.0 0.160
29.1020 40.6550 12.0 0.113
27.6260 40.7070 12.0 0.108
27.2110 40.2650 12.0 0.098
28.7350 40.8550 12.0 0.098
29.2850 40.8760 12.0 0.092
29.1290 40.6290 12.0 0.082
29.9440 40.7120 12.0 0.082
29.9480 40.6870 12.0 0.082
26.9570 40.4230 12.0 0.082
27.3130 40.6840 12.0 0.082
27.6820 40.8180 12.0 0.082
29.3000 40.8830 12.0 0.082
28.9780 40.6030 12.0 0.082
29.0390 40.6480 12.0 0.077
29.7950 40.7360 12.0 0.077
29.2000 40.6590 12.0 0.077
29.2550 40.7120 12.0 0.077
29.3240 41.0660 12.0 0.077
29.1400 40.6590 12.0 0.077
29.2660 40.4330 12.0 0.072
29.4800 40.8540 12.0 0.066
27.8564 40.5104 11.8 0.165
29.7630 40.7100 11.8 0.155
27.5314 40.4965 11.8 0.155
27.9520 40.4050 11.7 0.150
27.3030 40.2880 11.6 0.139
28.0130 40.7760 11.6 0.134
29.1460 40.2627 11.5 0.170
29.2630 40.4890 11.4 0.155
27.1240 40.5010 11.4 0.124
29.2530 40.5210 11.4 0.082
27.8920 40.8280 11.3 0.176
26.9950 40.3140 11.3 0.170
27.5240 40.6240 11.3 0.118
27.7850 40.7980 11.2 0.181
28.1100 40.8470 11.2 0.170
29.0110 40.6210 11.2 0.165
27.4320 40.7840 11.2 0.087
29.1630 40.7520 11.1 0.186
28.3210 40.3910 11.1 0.181
28.6960 40.3590 11.1 0.098
28.9690 41.1350 11.1 0.072
29.3220 40.6960 11.0 0.170
28.9725 40.5313 11.0 0.160
27.9920 40.2940 11.0 0.129
29.9650 40.7120 11.0 0.118
29.3020 40.2490 11.0 0.103
29.4280 40.7060 11.0 0.098
27.7940 40.6010 11.0 0.092
29.0020 40.3300 11.0 0.092
28.0940 40.8160 11.0 0.092
29.6640 40.7270 11.0 0.087
29.4970 40.8920 11.0 0.087
29.3190 41.0290 11.0 0.087
29.3630 40.7570 11.0 0.087
29.2400 40.4480 11.0 0.082
29.4910 40.8320 11.0 0.082
29.3600 41.0890 11.0 0.082
29.2070 41.2090 11.0 0.082
29.3560 41.0830 11.0 0.082
29.1930 40.4720 11.0 0.082
28.8720 41.1700 11.0 0.077
29.3350 41.1020 11.0 0.077
29.4600 40.8160 11.0 0.077
28.2300 40.5470 11.0 0.077
29.1950 40.3080 11.0 0.077
27.7900 40.4450 11.0 0.072
29.0960 40.6260 11.0 0.072
27.4100 40.7710 10.8 0.134
29.0410 40.7770 10.8 0.108
28.9770 40.3950 10.7 0.160
28.7090 40.8400 10.7 0.087
27.3690 40.7280 10.4 0.134
27.0770 40.3170 10.4 0.129
29.1260 40.6300 10.4 0.108
29.6940 40.7420 10.4 0.092
29.0040 40.4080 10.3 0.144
28.8480 40.4371 10.1 0.207
29.7780 40.7870 10.1 0.103
27.2220 40.3240 10.0 0.259
29.3460 40.7390 10.0 0.212
29.1380 40.6180 10.0 0.212
29.9490 40.7110 10.0 0.212
28.4829 40.8888 10.0 0.202
29.9700 40.7410 10.0 0.202
27.9515 40.7641 10.0 0.202
28.1090 40.8010 10.0 0.202
28.2394 40.9289 10.0 0.196
28.1454 40.8578 10.0 0.196
28.2741 40.8489 10.0 0.196
27.5890 40.6440 10.0 0.191
28.0590 40.2360 10.0 0.191
28.8780 40.8160 10.0 0.191
27.5720 40.7180 10.0 0.181
29.0870 40.7700 10.0 0.181
29.1170 40.6480 10.0 0.181
29.9540 40.7080 10.0 0.176
29.2740 40.5800 10.0 0.176
28.2332 40.8471 10.0 0.176
28.1699 40.8490 10.0 0.176
29.2970 40.6070 10.0 0.176
28.0200 40.2420 10.0 0.176
29.2000 40.6080 10.0 0.176
29.9420 40.7110 10.0 0.176
27.4820 40.4930 10.0 0.176
28.4987 40.8412 10.0 0.176
27.7070 40.8560 10.0 0.176
28.8520 40.4350 10.0 0.176
27.4820 40.4700 10.0 0.176
28.0878 40.8777 10.0 0.170
29.2313 40.7105 10.0 0.170
28.1814 40.8568 10.0 0.170
27.4040 40.7690 10.0 0.170
27.3635 40.6937 10.0 0.165
28.4298 40.8537 10.0 0.165
28.1964 40.8151 10.0 0.165
28.9761 40.6063 10.0 0.165
28.3191 40.7814 10.0 0.165
29.2125 40.7283 10.0 0.165
27.9860 40.4290 10.0 0.165
28.8740 40.6880 10.0 0.165
29.0610 40.7000 10.0 0.160
29.1940 40.6940 10.0 0.160
29.1965 40.4645 10.0 0.160
29.1300 40.5550 10.0 0.160
28.9550 40.5950 10.0 0.160
29.1100 40.7090 10.0 0.160
27.0261 40.3524 10.0 0.160
29.9470 40.7220 10.0 0.155
27.0809 40.3750 10.0 0.155
27.8500 40.8590 10.0 0.155
27.2180 40.3410 10.0 0.155
27.1920 40.2850 10.0 0.155
29.3450 40.7130 10.0 0.155
27.3300 40.2510 10.0 0.155
29.9940 40.7200 10.0 0.155
29.1620 40.6150 10.0 0.155
29.8010 40.7110 10.0 0.155
29.9850 40.5420 10.0 0.150
27.9420 40.5920 10.0 0.150
29.1837 40.3824 10.0 0.150
28.9850 40.9600 10.0 0.150
27.4930 40.7730 10.0 0.150
27.9590 40.8310 10.0 0.150
28.2722 40.8719 10.0 0.150
29.9640 40.7360 10.0 0.150
27.6140 40.7060 10.0 0.150
29.7080 40.6940 10.0 0.150
27.7160 41.0030 10.0 0.150
29.2073 40.6243 10.0 0.150
27.3350 40.7230 10.0 0.150
29.0860 40.5970 10.0 0.150
27.8000 40.5000 10.0 0.150
29.0570 40.4070 10.0 0.150
29.1790 40.5640 10.0 0.144
29.1590 40.5990 10.0 0.144
29.9650 40.6420 10.0 0.144
28.9360 40.2090 10.0 0.144
29.1640 40.5660 10.0 0.144
27.2700 40.7400 10.0 0.144
29.0820 40.2730 10.0 0.144
29.3690 40.4120 10.0 0.144
27.4830 40.7140 10.0 0.144
27.6850 40.8020 10.0 0.144
29.5670 40.2440 10.0 0.144
27.5970 40.7000 10.0 0.144
29.0190 40.4930 10.0 0.144
28.4820 40.9570 10.0 0.144
27.4300 40.7440 10.0 0.144
27.4420 40.7080 10.0 0.139
27.3750 40.6830 10.0 0.139
29.0970 40.9160 10.0 0.139
27.1370 40.5260 10.0 0.139
28.3086 40.7746 10.0 0.139
27.9410 40.8400 10.0 0.139
29.1520 40.6520 10.0 0.139
29.2930 40.6580 10.0 0.139
28.3270 40.5530 10.0 0.139
29.9240 40.7170 10.0 0.134
27.4530 40.2860 10.0 0.134
28.3570 40.4257 10.0 0.134
26.8100 40.5400 10.0 0.134
27.7080 40.8180 10.0 0.134
28.2152 40.8256 10.0 0.134
28.8090 40.3610 10.0 0.129
29.8010 40.7310 10.0 0.129
27.4660 40.7990 10.0 0.129
27.4840 40.7460 10.0 0.129
29.5540 40.6400 10.0 0.129
29.2240 40.7390 10.0 0.129
28.0360 40.4170 10.0 0.129
27.1560 40.4740 10.0 0.129
26.8200 40.5400 10.0 0.129
29.0780 40.7730 10.0 0.129
29.9610 41.2670 10.0 0.129
27.8370 40.7480 10.0 0.129
27.7890 40.7770 10.0 0.124
27.4800 40.7320 10.0 0.124
28.3150 40.8510 10.0 0.124
28.8760 40.3950 10.0 0.124
27.5310 40.7400 10.0 0.124
29.8710 40.8180 10.0 0.124
29.2020 40.4440 10.0 0.124
28.1870 40.8050 10.0 0.124
29.9580 40.7200 10.0 0.124
29.9470 40.6650 10.0 0.124
28.9640 40.3680 10.0 0.124
27.9310 40.4460 10.0 0.124
27.4720 40.7250 10.0 0.124
27.9830 40.7650 10.0 0.124
27.5530 40.3330 10.0 0.124
27.4830 40.7590 10.0 0.124
28.6330 40.7680 10.0 0.124
29.8880 40.7200 10.0 0.124
27.5790 40.6350 10.0 0.124
29.9240 40.6470 10.0 0.124
26.9000 40.5500 10.0 0.124
28.5470 40.4370 10.0 0.118
26.9500 40.6200 10.0 0.118
26.6100 40.5700 10.0 0.118
27.5190 40.8080 10.0 0.118
27.5320 40.8130 10.0 0.118
27.3840 40.6960 10.0 0.118
28.1000 40.8220 10.0 0.118
28.9780 40.7230 10.0 0.118
29.5580 40.2100 10.0 0.118
27.1500 40.4900 10.0 0.118
27.3370 40.6820 10.0 0.118
28.0180 40.4170 10.0 0.118
27.5530 40.6610 10.0 0.118
29.2900 40.4910 10.0 0.118
29.7790 40.2710 10.0 0.118
27.5040 40.2240 10.0 0.118
29.2940 40.2570 10.0 0.118
27.7660 40.8150 10.0 0.118
29.9160 40.6730 10.0 0.118
27.0520 40.6760 10.0 0.118
29.1420 40.2870 10.0 0.118
27.6510 40.8380 10.0 0.118
28.0390 40.4190 10.0 0.118
29.9600 40.6760 10.0 0.118
27.5240 40.3360 10.0 0.113
27.4320 40.7280 10.0 0.113
27.1190 40.7570 10.0 0.113
28.3770 40.8690 10.0 0.113
28.6230 40.7630 10.0 0.113
27.3250 40.2760 10.0 0.113
29.7250 40.7100 10.0 0.113
27.5490 40.7820 10.0 0.113
27.1310 40.3840 10.0 0.113
29.1190 40.7660 10.0 0.113
27.4160 40.7000 10.0 0.113
27.9470 40.7450 10.0 0.113
27.4750 40.7070 10.0 0.113
27.4550 40.7750 10.0 0.113
28.6010 40.4030 10.0 0.113
27.5880 40.5390 10.0 0.113
29.9300 40.7120 10.0 0.113
27.1900 40.6300 10.0 0.113
27.7490 40.8230 10.0 0.113
29.5220 41.1250 10.0 0.113
27.9400 40.8460 10.0 0.113
27.7510 40.7840 10.0 0.113
29.0650 40.4700 10.0 0.113
28.2400 40.5170 10.0 0.113
29.2960 40.2470 10.0 0.113
29.0130 40.2120 10.0 0.113
29.7890 40.7200 10.0 0.113
27.7660 40.8330 10.0 0.113
29.9280 40.7070 10.0 0.113
27.3700 40.5500 10.0 0.113
28.4340 40.8480 10.0 0.113
26.5680 40.6850 10.0 0.108
28.7880 40.6130 10.0 0.108
29.8670 40.7060 10.0 0.108
29.9370 40.7120 10.0 0.108
27.9080 40.4400 10.0 0.108
29.8990 40.6510 10.0 0.108
27.4840 40.6570 10.0 0.108
27.3180 40.2800 10.0 0.108
28.3410 40.3950 10.0 0.108
27.5580 40.2700 10.0 0.108
29.1080 40.6200 10.0 0.108
29.0970 40.7770 10.0 0.108
27.9280 40.8340 10.0 0.108
27.6710 40.5930 10.0 0.108
29.2050 40.7680 10.0 0.108
28.3100 40.7580 10.0 0.108
27.5020 40.7320 10.0 0.108
27.7770 40.4040 10.0 0.108
27.6570 40.7200 10.0 0.108
27.2800 40.6000 10.0 0.108
29.6540 40.7270 10.0 0.108
27.3440 40.2890 10.0 0.108
29.3160 40.3000 10.0 0.108
28.9710 40.6010 10.0 0.108
27.6400 40.2760 10.0 0.108
27.9000 40.9990 10.0 0.108
27.8010 40.8040 10.0 0.108
29.9950 40.7330 10.0 0.108
27.5260 40.6980 10.0 0.108
27.5970 40.8210 10.0 0.108
29.2040 40.6870 10.0 0.108
29.5410 40.6390 10.0 0.103
29.9030 40.6630 10.0 0.103
29.6800 40.6950 10.0 0.103
29.0510 40.5380 10.0 0.103
28.0410 40.4330 10.0 0.103
29.9900 40.6970 10.0 0.103
28.9910 40.8030 10.0 0.103
27.5270 40.5940 10.0 0.103
29.8850 40.7410 10.0 0.103
27.9780 40.4150 10.0 0.103
27.5120 40.7720 10.0 0.103
27.4390 40.6770 10.0 0.103
27.5430 40.6700 10.0 0.103
27.5080 40.6490 10.0 0.103
29.0850 40.2570 10.0 0.103
28.3830 40.3550 10.0 0.103
29.0620 40.9780 10.0 0.103
28.6130 40.7560 10.0 0.103
27.3800 40.6950 10.0 0.103
29.1950 40.2860 10.0 0.103
28.8370 40.5270 10.0 0.103
28.8770 40.2380 10.0 0.103
29.0330 40.8080 10.0 0.103
27.7390 40.8120 10.0 0.103
28.1210 40.7920 10.0 0.103
28.3480 40.6740 10.0 0.103
29.9860 40.7070 10.0 0.103
29.4360 40.3040 10.0 0.103
29.0480 41.2910 10.0 0.103
27.2260 40.2780 10.0 0.103
29.0990 40.7750 10.0 0.103
29.8950 40.6670 10.0 0.103
27.4030 40.7910 10.0 0.103
28.4780 40.6260 10.0 0.103
29.9590 40.6440 10.0 0.103
27.6370 40.5010 10.0 0.103
27.7120 40.8400 10.0 0.103
28.6620 40.3880 10.0 0.103
27.8590 40.2820 10.0 0.103
27.7590 40.5690 10.0 0.103
27.5770 40.7480 10.0 0.103
29.7120 40.7320 10.0 0.103
27.5090 40.2350 10.0 0.103
27.9500 40.8710 10.0 0.103
28.9020 40.4060 10.0 0.103
29.9000 40.7240 10.0 0.103
29.1660 40.7680 10.0 0.103
28.7920 40.6100 10.0 0.103
28.7930 40.3740 10.0 0.103
27.5000 40.5470 10.0 0.103
29.0010 40.4300 10.0 0.103
29.1220 40.3030 10.0 0.103
28.1050 40.7660 10.0 0.103
27.7500 40.6320 10.0 0.103
29.9000 40.6990 10.0 0.103
29.9240 40.7040 10.0 0.098
28.4520 40.8280 10.0 0.098
29.6220 40.2460 10.0 0.098
29.8670 40.8590 10.0 0.098
28.1210 40.8380 10.0 0.098
29.0860 40.7670 10.0 0.098
29.2490 40.9820 10.0 0.098
27.8560 40.8640 10.0 0.098
27.3630 40.2730 10.0 0.098
29.9320 40.7020 10.0 0.098
27.7830 40.8120 10.0 0.098
27.4500 40.5680 10.0 0.098
28.2460 40.2170 10.0 0.098
27.5260 40.5500 10.0 0.098
29.9520 40.6830 10.0 0.098
27.3370 40.2930 10.0 0.098
28.0730 40.8140 10.0 0.098
27.4670 40.5570 10.0 0.098
27.5940 40.3710 10.0 0.098
28.0300 40.8100 10.0 0.098
29.1410 40.3740 10.0 0.098
27.6180 40.3520 10.0 0.098
27.6870 40.8340 10.0 0.098
29.1560 40.6470 10.0 0.098
27.8310 40.8090 10.0 0.098
29.8190 40.7420 10.0 0.098
27.8680 40.2640 10.0 0.098
29.9690 40.6730 10.0 0.098
26.8850 40.2850 10.0 0.098
29.7550 40.7080 10.0 0.098
27.7950 40.7920 10.0 0.098
27.5970 40.3180 10.0 0.098
27.2710 40.5570 10.0 0.098
27.4550 40.7240 10.0 0.098
28.4380 40.4520 10.0 0.098
27.5580 40.8450 10.0 0.098
28.9790 40.5030 10.0 0.098
28.9810 41.2030 10.0 0.098
27.9930 40.8760 10.0 0.098
29.9870 40.7410 10.0 0.098
29.9360 40.7090 10.0 0.098
29.9930 40.7770 10.0 0.098
29.7190 40.6910 10.0 0.098
29.8980 40.6730 10.0 0.098
29.1750 40.6250 10.0 0.098
28.0710 40.7790 10.0 0.098
27.2910 40.5430 10.0 0.098
27.7630 40.8340 10.0 0.098
27.6120 40.8650 10.0 0.098
27.6990 40.2290 10.0 0.098
28.6480 40.4270 10.0 0.098
29.1450 40.6340 10.0 0.098
28.6780 40.4470 10.0 0.098
27.3450 40.3080 10.0 0.098
26.6760 40.5050 10.0 0.098
28.8116 40.5159 10.0 0.098
27.5760 40.8060 10.0 0.098
28.9100 40.2380 10.0 0.098
27.5400 40.3200 10.0 0.098
27.7750 40.2810 10.0 0.098
27.5300 40.8190 10.0 0.098
27.6490 40.6260 10.0 0.098
27.6910 40.8570 10.0 0.098
26.5580 40.3840 10.0 0.098
28.1450 40.8100 10.0 0.098
27.8870 40.5700 10.0 0.098
27.7560 40.7960 10.0 0.098
27.4520 40.2360 10.0 0.098
27.3820 40.7470 10.0 0.098
28.9360 40.2300 10.0 0.098
29.8620 40.6940 10.0 0.098
29.0960 40.6530 10.0 0.098
27.8110 40.7980 10.0 0.098
27.4830 40.7690 10.0 0.098
29.7140 40.2430 10.0 0.098
29.8380 40.7120 10.0 0.098
29.0080 41.2560 10.0 0.098
27.7950 40.6880 10.0 0.098
28.7320 40.6090 10.0 0.098
29.9040 40.6510 10.0 0.098
27.5610 40.7220 10.0 0.098
29.3610 40.2540 10.0 0.098
28.3050 40.3820 10.0 0.098
28.2940 40.8490 10.0 0.098
29.1440 40.6340 10.0 0.092
27.2950 40.6310 10.0 0.092
28.0320 40.4290 10.0 0.092
27.5610 40.3780 10.0 0.092
27.8280 40.8290 10.0 0.092
27.3780 40.7350 10.0 0.092
28.2850 41.2080 10.0 0.092
27.9690 40.8350 10.0 0.092
27.4800 40.7140 10.0 0.092
29.0630 40.3210 10.0 0.092
29.9380 40.6850 10.0 0.092
27.7130 40.8270 10.0 0.092
29.0120 40.5500 10.0 0.092
27.1970 40.5890 10.0 0.092
29.6540 40.2930 10.0 0.092
27.5590 40.7330 10.0 0.092
28.5810 40.3190 10.0 0.092
27.6540 40.8160 10.0 0.092
28.8400 40.6240 10.0 0.092
29.7960 40.7580 10.0 0.092
29.9280 40.6430 10.0 0.092
29.9650 40.7290 10.0 0.092
27.4920 40.7820 10.0 0.092
29.6280 40.3340 10.0 0.092
27.8790 40.8150 10.0 0.092
29.0850 40.7690 10.0 0.092
29.0970 41.1140 10.0 0.092
27.7940 40.8060 10.0 0.092
28.0480 40.4270 10.0 0.092
27.7230 40.5560 10.0 0.092
29.1490 40.6290 10.0 0.092
29.1300 40.6410 10.0 0.092
27.0360 40.2060 10.0 0.092
29.9610 40.6740 10.0 0.092
27.2420 40.6040 10.0 0.092
29.4890 40.2230 10.0 0.092
27.9710 40.7640 10.0 0.092
29.2470 40.7860 10.0 0.092
26.6030 40.2000 10.0 0.092
27.8050 40.8050 10.0 0.092
29.1290 40.7570 10.0 0.092
28.6810 41.1230 10.0 0.092
27.3250 40.3160 10.0 0.092
28.6230 40.7250 10.0 0.092
27.0460 40.3330 10.0 0.092
29.1930 41.1970 10.0 0.092
27.9250 40.2820 10.0 0.092
27.8030 40.5630 10.0 0.092
28.5350 41.1580 10.0 0.092
27.9410 40.2830 10.0 0.092
28.4540 41.1390 10.0 0.092
27.6150 40.8630 10.0 0.092
27.7000 40.8440 10.0 0.092
28.0800 40.8080 10.0 0.092
27.4630 40.6760 10.0 0.092
28.7630 40.8210 10.0 0.092
28.8990 40.3950 10.0 0.092
28.1480 40.8220 10.0 0.092
27.3330 40.7920 10.0 0.092
27.8070 40.7910 10.0 0.092
29.1070 40.6580 10.0 0.092
27.9200 40.8000 10.0 0.092
27.9250 40.3680 10.0 0.092
29.7610 40.3300 10.0 0.092
28.7040 40.8380 10.0 0.092
26.9280 40.2120 10.0 0.092
29.8150 40.6990 10.0 0.092
29.9540 40.6700 10.0 0.092
27.4460 40.6810 10.0 0.092
28.3400 40.4010 10.0 0.092
29.8330 40.6580 10.0 0.092
29.3200 40.2250 10.0 0.092
29.4030 40.2020 10.0 0.092
28.4170 40.4120 10.0 0.092
29.8560 40.7640 10.0 0.092
29.0560 40.7200 10.0 0.092
29.1350 40.3420 10.0 0.092
27.6390 40.8460 10.0 0.092
29.1050 40.7060 10.0 0.092
29.3450 41.2780 10.0 0.092
29.5660 40.4040 10.0 0.092
29.7180 41.1610 10.0 0.092
27.6760 40.4880 10.0 0.092
29.9220 40.7140 10.0 0.092
29.4960 40.5600 10.0 0.092
29.1510 40.6390 10.0 0.092
27.7540 40.8140 10.0 0.092
27.4950 40.8150 10.0 0.092
27.5850 40.7500 10.0 0.092
27.6720 40.5830 10.0 0.092
28.4370 40.4450 10.0 0.092
27.0580 40.3770 10.0 0.092
29.9520 40.7540 10.0 0.092
27.3260 40.9910 10.0 0.092
29.0990 40.7370 10.0 0.092
28.6260 40.7370 10.0 0.092
27.8720 40.8110 10.0 0.092
29.9010 40.6540 10.0 0.092
29.5090 40.3020 10.0 0.092
27.3520 40.2710 10.0 0.092
27.8630 40.3840 10.0 0.092
27.8370 40.7790 10.0 0.092
27.2090 40.3120 10.0 0.092
29.9980 40.7880 10.0 0.092
29.9760 40.6860 10.0 0.092
27.5080 40.7900 10.0 0.092
29.9160 40.7120 10.0 0.092
28.7020 41.1210 10.0 0.092
28.4490 40.3940 10.0 0.092
29.0880 40.6210 10.0 0.092
29.8140 40.6950 10.0 0.092
29.1000 40.6410 10.0 0.092
27.4050 40.4000 10.0 0.092
27.0310 40.3400 10.0 0.092
28.8080 40.8390 10.0 0.092
27.8320 40.8020 10.0 0.087
28.4340 41.1810 10.0 0.087
29.0390 40.5880 10.0 0.087
29.0890 40.6910 10.0 0.087
29.8190 40.6820 10.0 0.087
28.3320 40.9010 10.0 0.087
29.2310 40.4580 10.0 0.087
27.2550 40.2210 10.0 0.087
29.3280 41.2500 10.0 0.087
27.8220 40.5400 10.0 0.087
27.9340 40.6750 10.0 0.087
29.2110 40.7630 10.0 0.087
27.4190 40.2410 10.0 0.087
29.0470 40.8240 10.0 0.087
29.0390 41.2450 10.0 0.087
27.9830 40.8680 10.0 0.087
29.5770 40.2290 10.0 0.087
27.8180 40.8000 10.0 0.087
28.3290 40.8250 10.0 0.087
28.6090 40.4470 10.0 0.087
27.2060 40.4000 10.0 0.087
28.4800 41.1010 10.0 0.087
28.3980 40.9110 10.0 0.087
29.7450 40.7010 10.0 0.087
29.8500 40.6200 10.0 0.087
28.4220 41.1180 10.0 0.087
27.9350 40.5010 10.0 0.087
28.6970 41.1090 10.0 0.087
28.4330 41.0280 10.0 0.087
27.8460 40.4080 10.0 0.087
29.1140 40.7750 10.0 0.087
28.9900 41.0920 10.0 0.087
29.8280 40.6870 10.0 0.087
27.9970 40.8150 10.0 0.087
27.4430 40.6550 10.0 0.087
27.6590 40.5700 10.0 0.087
29.2580 41.2590 10.0 0.087
28.0160 40.7990 10.0 0.087
27.7880 40.7850 10.0 0.087
27.7720 40.8040 10.0 0.087
29.8270 40.6740 10.0 0.087
27.5360 40.5920 10.0 0.087
28.1330 40.9340 10.0 0.087
29.0970 40.6590 10.0 0.087
29.1750 40.6210 10.0 0.087
29.2070 40.2970 10.0 0.087
28.0560 40.4430 10.0 0.087
29.9120 40.4820 10.0 0.087
29.4490 40.3800 10.0 0.087
28.2780 41.1850 10.0 0.087
29.6930 40.5180 10.0 0.087
29.5060 40.3720 10.0 0.087
29.0770 40.7160 10.0 0.087
28.7350 41.1070 10.0 0.087
29.9150 40.6700 10.0 0.087
29.9560 40.7360 10.0 0.087
28.3680 41.0370 10.0 0.087
28.8830 40.7930 10.0 0.087
29.8310 40.5060 10.0 0.087
29.9290 40.7030 10.0 0.087
28.4690 41.1380 10.0 0.087
28.6260 40.9680 10.0 0.087
28.7340 41.1130 10.0 0.087
28.0370 40.8590 10.0 0.087
29.1170 40.7740 10.0 0.087
27.4270 40.3220 10.0 0.087
27.6980 40.8320 10.0 0.087
29.1960 41.1140 10.0 0.087
29.4700 40.3330 10.0 0.087
28.6880 41.1300 10.0 0.087
28.6170 41.1490 10.0 0.087
28.4630 41.1410 10.0 0.087
27.5450 40.6380 10.0 0.087
28.7220 41.1680 10.0 0.087
27.4830 40.6320 10.0 0.087
29.2280 41.2020 10.0 0.087
28.4870 41.1280 10.0 0.087
27.4370 40.6490 10.0 0.087
29.3650 40.2400 10.0 0.087
27.8560 40.7930 10.0 0.087
29.1020 40.6540 10.0 0.087
29.9360 40.7290 10.0 0.087
29.7130 40.7000 10.0 0.087
29.1850 40.6450 10.0 0.087
29.2420 40.2960 10.0 0.087
28.0140 40.7890 10.0 0.087
29.2720 40.4710 10.0 0.087
29.4030 41.1720 10.0 0.087
27.9680 40.6170 10.0 0.087
28.9580 41.0670 10.0 0.087
27.9510 40.3820 10.0 0.087
28.9530 40.4910 10.0 0.087
29.9600 40.6840 10.0 0.087
27.3060 40.6550 10.0 0.087
29.5760 40.2530 10.0 0.087
28.0200 40.3820 10.0 0.087
28.3750 41.0410 10.0 0.087
29.8940 40.6780 10.0 0.087
29.9760 40.7180 10.0 0.087
28.9550 40.4440 10.0 0.087
28.7720 40.3380 10.0 0.087
28.6390 40.7770 10.0 0.087
28.9340 40.4650 10.0 0.087
27.7610 40.8030 10.0 0.087
27.3750 40.3780 10.0 0.087
26.9310 40.2070 10.0 0.087
27.7530 40.8400 10.0 0.087
28.4010 40.8350 10.0 0.087
29.2190 40.4170 10.0 0.087
28.0420 40.4320 10.0 0.087
28.4830 41.1400 10.0 0.087
27.7710 40.7910 10.0 0.087
28.5100 41.1160 10.0 0.087
27.1480 40.3960 10.0 0.087
27.4850 40.7560 10.0 0.087
29.8140 40.6500 10.0 0.087
29.9250 40.7170 10.0 0.087
29.2640 40.3780 10.0 0.087
28.7110 40.8500 10.0 0.087
29.9200 40.6690 10.0 0.087
27.5320 41.2050 10.0 0.087
28.7050 41.0580 10.0 0.087
27.9690 40.8350 10.0 0.087
28.7360 40.4880 10.0 0.087
29.8620 40.6600 10.0 0.087
27.6140 40.3430 10.0 0.087
29.3890 40.8790 10.0 0.087
29.9240 40.7250 10.0 0.087
27.4650 40.7030 10.0 0.087
28.7190 40.7330 10.0 0.087
29.7990 40.4040 10.0 0.087
28.0200 40.4000 10.0 0.087
29.2330 40.4840 10.0 0.087
29.9210 40.7220 10.0 0.087
29.6460 40.8150 10.0 0.087
27.9640 40.4140 10.0 0.087
28.0110 40.8110 10.0 0.087
28.6910 41.1040 10.0 0.087
27.7000 40.7720 10.0 0.087
27.9630 40.3940 10.0 0.087
28.3300 40.3650 10.0 0.087
29.1780 41.3000 10.0 0.087
29.1880 41.0670 10.0 0.087
29.5680 40.3540 10.0 0.087
29.7240 40.6760 10.0 0.087
27.4330 40.7540 10.0 0.087
29.4080 40.3690 10.0 0.087
29.7440 40.8270 10.0 0.087
29.9770 40.7170 10.0 0.087
29.9210 40.6860 10.0 0.087
29.2550 40.2190 10.0 0.087
29.6920 40.2570 10.0 0.087
28.4790 41.1580 10.0 0.087
29.1940 40.5600 10.0 0.087
29.8640 40.7020 10.0 0.087
27.9440 40.5390 10.0 0.087
28.4690 41.1430 10.0 0.087
29.8520 40.7250 10.0 0.087
27.3050 40.4790 10.0 0.087
29.9590 40.5970 10.0 0.087
29.9150 40.2270 10.0 0.087
28.5080 41.1180 10.0 0.087
28.8000 40.8420 10.0 0.087
27.8930 40.7970 10.0 0.087
29.9960 40.6800 10.0 0.087
29.7790 40.6630 10.0 0.087
28.4620 41.1250 10.0 0.087
28.0170 40.4210 10.0 0.087
27.8310 40.3260 10.0 0.087
29.0260 40.7490 10.0 0.087
27.5020 40.7800 10.0 0.087
28.9750 40.5660 10.0 0.087
27.4920 40.6930 10.0 0.087
29.8340 40.6720 10.0 0.087
28.7200 41.1130 10.0 0.087
27.5940 40.7740 10.0 0.087
27.7960 40.8170 10.0 0.087
28.8640 40.5820 10.0 0.087
27.9130 40.3580 10.0 0.087
29.2860 40.4720 10.0 0.087
28.4270 41.0410 10.0 0.087
29.1230 40.6950 10.0 0.087
27.8290 40.8580 10.0 0.087
28.3430 40.8360 10.0 0.087
29.9220 40.7410 10.0 0.087
29.9580 40.7040 10.0 0.087
29.9420 40.6890 10.0 0.087
29.4250 40.2180 10.0 0.087
29.7940 40.2990 10.0 0.087
29.2470 40.4990 10.0 0.087
27.2800 40.2690 10.0 0.087
27.4340 40.6570 10.0 0.087
29.9490 40.7120 10.0 0.087
28.7510 41.1620 10.0 0.087
29.1790 40.7050 10.0 0.087
29.4470 40.3190 10.0 0.087
27.8610 40.8060 10.0 0.087
28.5930 40.5160 10.0 0.087
27.6510 40.8060 10.0 0.087
27.8700 40.3180 10.0 0.087
29.5080 40.2720 10.0 0.087
27.6520 40.8190 10.0 0.087
27.9070 40.4400 10.0 0.087
28.2440 40.8560 10.0 0.087
29.2870 40.2500 10.0 0.087
27.7470 41.1540 10.0 0.087
28.7020 41.0800 10.0 0.087
28.6070 40.7470 10.0 0.087
28.7080 40.2590 10.0 0.087
29.5840 40.2610 10.0 0.087
28.1360 40.8180 10.0 0.087
29.2290 40.7870 10.0 0.087
28.9150 40.4000 10.0 0.087
28.4670 41.1430 10.0 0.087
27.6980 40.5310 10.0 0.087
28.4660 41.1230 10.0 0.087
27.7100 40.8560 10.0 0.087
28.6600 41.1040 10.0 0.087
27.7390 40.5600 10.0 0.087
29.9710 40.6890 10.0 0.087
28.9260 40.4000 10.0 0.087
27.7650 40.8310 10.0 0.087
27.7210 40.8190 10.0 0.087
28.4720 41.1060 10.0 0.087
27.9370 40.3190 10.0 0.087
29.0450 41.1890 10.0 0.087
28.7510 41.0890 10.0 0.087
29.3030 40.4270 10.0 0.087
28.7650 41.1010 10.0 0.087
29.9980 40.7570 10.0 0.087
28.0470 40.8490 10.0 0.087
29.4770 40.3410 10.0 0.087
28.6320 40.7100 10.0 0.087
27.5040 40.7760 10.0 0.087
29.8880 40.6650 10.0 0.087
28.9590 40.4660 10.0 0.087
29.2060 40.4360 10.0 0.087
29.1800 41.0940 10.0 0.087
28.5000 41.0820 10.0 0.082
28.7830 41.0900 10.0 0.082
28.5160 41.1480 10.0 0.082
29.7880 40.6570 10.0 0.082
29.2810 40.2080 10.0 0.082
29.8820 40.6690 10.0 0.082
29.2380 40.4550 10.0 0.082
29.9930 40.3390 10.0 0.082
28.3380 40.4010 10.0 0.082
28.4390 41.0910 10.0 0.082
28.9600 41.2620 10.0 0.082
26.5140 41.1240 10.0 0.082
28.7810 40.2130 10.0 0.082
28.7410 41.1890 10.0 0.082
27.8240 40.8010 10.0 0.082
29.9880 40.7370 10.0 0.082
28.9070 40.3790 10.0 0.082
29.2730 40.2380 10.0 0.082
29.0870 40.7800 10.0 0.082
28.9080 40.4950 10.0 0.082
29.8030 40.7180 10.0 0.082
28.6220 41.0720 10.0 0.082
29.6560 40.7100 10.0 0.082
28.7080 41.0820 10.0 0.082
28.1670 40.8550 10.0 0.082
29.1890 40.7330 10.0 0.082
29.2450 40.2340 10.0 0.082
29.2230 41.2090 10.0 0.082
29.7230 40.9480 10.0 0.082
28.1440 40.8100 10.0 0.082
29.1700 40.5610 10.0 0.082
28.7840 41.1480 10.0 0.082
27.6610 40.5540 10.0 0.082
27.4800 40.7550 10.0 0.082
29.9090 40.6300 10.0 0.082
28.9640 40.5480 10.0 0.082
28.4810 41.1340 10.0 0.082
29.3670 40.3960 10.0 0.082
27.7840 40.7750 10.0 0.082
28.0150 40.8210 10.0 0.082
27.7490 40.3660 10.0 0.082
28.9670 40.3880 10.0 0.082
27.4150 40.4420 10.0 0.082
29.7930 40.6660 10.0 0.082
29.0040 41.0800 10.0 0.082
28.4630 40.4600 10.0 0.082
27.5380 40.4880 10.0 0.082
27.9060 40.7260 10.0 0.082
27.1940 40.2160 10.0 0.082
28.0590 40.5760 10.0 0.082
29.2770 41.0490 10.0 0.082
28.6250 40.6990 10.0 0.082
28.0590 41.0980 10.0 0.082
28.6410 40.7130 10.0 0.082
28.1500 40.8050 10.0 0.082
29.8860 40.6630 10.0 0.082
28.6520 40.6630 10.0 0.082
27.5450 40.4720 10.0 0.082
28.4950 41.1100 10.0 0.082
27.9930 40.5360 10.0 0.082
29.3790 40.2300 10.0 0.082
28.8550 40.9880 10.0 0.082
28.0870 40.8240 10.0 0.082
27.8540 40.2500 10.0 0.082
28.6510 40.7230 10.0 0.082
28.4700 41.1710 10.0 0.082
29.5530 41.0860 10.0 0.082
29.1220 40.3540 10.0 0.082
27.8760 40.8100 10.0 0.082
29.4970 40.6580 10.0 0.082
28.4720 41.1030 10.0 0.082
29.4570 40.3480 10.0 0.082
29.9760 40.6740 10.0 0.082
27.9460 40.7500 10.0 0.082
28.4230 40.9120 10.0 0.082
28.6680 40.7740 10.0 0.082
29.3230 40.2180 10.0 0.082
29.1960 40.3100 10.0 0.082
27.8370 40.8300 10.0 0.082
29.1650 40.4850 10.0 0.082
28.5160 41.1400 10.0 0.082
27.4270 40.6900 10.0 0.082
27.5140 40.6620 10.0 0.082
27.6740 40.5500 10.0 0.082
28.5620 41.1050 10.0 0.082
29.3200 40.3770 10.0 0.082
28.6850 40.8440 10.0 0.082
29.0140 40.2380 10.0 0.082
28.0920 40.7890 10.0 0.082
28.7910 41.1280 10.0 0.082
29.1420 40.8040 10.0 0.082
29.6450 40.2750 10.0 0.082
27.4050 40.7230 10.0 0.082
28.4730 41.1490 10.0 0.082
27.4770 40.5870 10.0 0.082
27.7890 40.7830 10.0 0.082
28.7340 41.1320 10.0 0.082
28.0050 40.7480 10.0 0.082
28.6440 40.7220 10.0 0.082
27.8390 40.6600 10.0 0.082
29.3370 40.3040 10.0 0.082
29.4980 40.2470 10.0 0.082
28.6980 41.2150 10.0 0.082
27.8320 40.7900 10.0 0.082
28.5540 40.8430 10.0 0.082
29.2440 40.2190 10.0 0.082
27.8590 40.2830 10.0 0.082
28.3700 40.9720 10.0 0.082
29.8390 40.7390 10.0 0.082
28.7340 40.7920 10.0 0.082
29.5180 40.8250 10.0 0.082
29.1190 40.7570 10.0 0.082
27.8900 40.8160 10.0 0.082
27.8570 41.0870 10.0 0.082
28.5330 41.2290 10.0 0.082
29.8350 40.6880 10.0 0.082
29.9570 40.7020 10.0 0.082
28.6180 40.7200 10.0 0.082
29.0790 40.2200 10.0 0.082
28.6550 40.7780 10.0 0.082
27.8620 40.2810 10.0 0.082
29.3230 40.2630 10.0 0.082
29.5310 40.2200 10.0 0.082
29.7940 40.2750 10.0 0.082
27.8630 40.3280 10.0 0.082
27.4550 40.5940 10.0 0.082
28.4380 41.1080 10.0 0.082
29.1970 40.4720 10.0 0.082
27.6480 40.7610 10.0 0.082
28.7600 41.1970 10.0 0.082
29.7050 40.6490 10.0 0.082
28.0390 40.4200 10.0 0.082
28.4880 41.1310 10.0 0.082
28.5190 41.1500 10.0 0.082
27.4260 40.6830 10.0 0.082
29.0990 40.6360 10.0 0.082
27.8850 40.3080 10.0 0.082
29.3690 40.3220 10.0 0.082
28.6310 40.6290 10.0 0.082
28.4710 41.1550 10.0 0.082
29.8290 40.5380 10.0 0.082
28.4910 41.1320 10.0 0.082
27.4160 40.6670 10.0 0.082
27.7290 40.8090 10.0 0.082
28.4690 40.8400 10.0 0.082
28.4220 41.0220 10.0 0.082
29.5780 40.9230 10.0 0.082
29.3240 40.9940 10.0 0.082
28.4500 41.1720 10.0 0.082
28.0760 40.3590 10.0 0.082
28.0330 40.8180 10.0 0.082
28.8660 41.1530 10.0 0.082
29.0490 40.7980 10.0 0.082
28.8230 40.2260 10.0 0.082
28.1310 40.5730 10.0 0.082
29.2180 40.4510 10.0 0.082
28.4500 40.9490 10.0 0.082
27.9930 40.7460 10.0 0.082
29.7780 40.6710 10.0 0.082
28.1950 40.8600 10.0 0.082
29.7210 40.4450 10.0 0.082
29.9160 40.6620 10.0 0.082
28.7600 41.1250 10.0 0.082
28.4810 41.1620 10.0 0.082
27.8690 40.7970 10.0 0.082
28.5000 41.0900 10.0 0.082
29.2890 40.2890 10.0 0.082
27.2880 40.6090 10.0 0.082
28.0560 40.3650 10.0 0.082
29.8850 40.2000 10.0 0.082
29.6500 40.7250 10.0 0.082
28.8660 40.2480 10.0 0.082
28.6780 40.8210 10.0 0.082
29.2530 40.4100 10.0 0.082
29.1290 40.6350 10.0 0.082
28.0570 40.3490 10.0 0.082
27.9580 40.4320 10.0 0.082
28.6620 40.7560 10.0 0.082
28.9070 40.4450 10.0 0.082
28.4790 41.1590 10.0 0.082
29.3650 40.4320 10.0 0.082
27.4980 40.5340 10.0 0.082
28.9800 40.4680 10.0 0.082
28.8730 41.1200 10.0 0.082
29.1060 40.7850 10.0 0.082
29.2940 40.3940 10.0 0.082
29.8630 40.7000 10.0 0.082
28.4010 41.2330 10.0 0.082
29.2690 40.7530 10.0 0.082
28.7720 40.5960 10.0 0.082
28.7340 41.0940 10.0 0.082
29.9990 41.0070 10.0 0.082
27.4380 40.5550 10.0 0.082
28.2750 40.4900 10.0 0.082
28.8050 41.0830 10.0 0.082
27.6490 40.7510 10.0 0.082
28.6860 41.1270 10.0 0.082
27.9120 40.3270 10.0 0.082
28.4620 41.1070 10.0 0.082
29.2720 40.7850 10.0 0.082
28.0230 40.3060 10.0 0.082
29.1100 40.7870 10.0 0.082
27.9300 40.4880 10.0 0.082
28.4500 40.4250 10.0 0.082
28.4890 41.1320 10.0 0.082
28.0030 40.6140 10.0 0.082
29.1440 40.6680 10.0 0.082
27.8130 40.8310 10.0 0.082
28.6730 41.1020 10.0 0.082
28.9560 40.4090 10.0 0.082
28.9370 41.0270 10.0 0.082
27.6370 40.8140 10.0 0.082
29.3930 40.3320 10.0 0.082
28.4650 41.1590 10.0 0.082
29.0460 41.1570 10.0 0.082
29.5350 40.2290 10.0 0.082
29.3100 40.2640 10.0 0.082
29.9990 40.6170 10.0 0.082
28.7840 40.2000 10.0 0.082
28.4960 41.1650 10.0 0.082
28.7520 41.1120 10.0 0.082
28.6860 41.0800 10.0 0.082
28.6250 40.3780 10.0 0.082
27.9850 40.7480 10.0 0.082
27.3230 40.2090 10.0 0.082
29.5660 40.8060 10.0 0.082
29.2010 40.4090 10.0 0.082
28.6750 41.1090 10.0 0.082
29.4380 40.4730 10.0 0.082
27.8570 40.8000 10.0 0.082
29.3000 41.2420 10.0 0.082
28.9940 40.5770 10.0 0.082
29.1740 40.6660 10.0 0.082
28.4680 41.1120 10.0 0.082
28.4980 41.1350 10.0 0.082
28.5000 41.1090 10.0 0.082
28.4760 41.1250 10.0 0.082
27.8010 40.4030 10.0 0.082
28.4600 41.1160 10.0 0.082
28.0820 40.7120 10.0 0.082
28.8540 41.1570 10.0 0.082
29.2620 40.4410 10.0 0.082
29.8360 40.6850 10.0 0.082
27.9410 40.8340 10.0 0.082
28.1280 40.8350 10.0 0.082
29.0070 40.2840 10.0 0.082
29.2590 40.5740 10.0 0.082
29.1570 40.3990 10.0 0.082
29.7280 40.6940 10.0 0.082
28.5780 40.9930 10.0 0.082
27.2600 41.0000 10.0 0.082
27.8250 40.4760 10.0 0.082
28.1010 40.3040 10.0 0.082
29.4780 40.2230 10.0 0.082
29.8080 40.6530 10.0 0.082
29.2030 40.5710 10.0 0.082
29.1460 40.3050 10.0 0.082
28.8330 41.1750 10.0 0.082
28.7460 40.2550 10.0 0.082
27.5310 40.2590 10.0 0.082
29.0240 40.5790 10.0 0.082
29.2700 40.7430 10.0 0.082
28.8020 41.1250 10.0 0.082
28.4900 41.1480 10.0 0.082
29.2200 40.4720 10.0 0.082
27.8450 40.8070 10.0 0.082
29.4570 40.3030 10.0 0.082
28.8760 40.2550 10.0 0.082
29.2160 40.7520 10.0 0.082
29.9360 40.7420 10.0 0.082
27.4040 40.5980 10.0 0.082
27.7730 40.8300 10.0 0.082
27.3460 40.7080 10.0 0.082
29.2520 40.5890 10.0 0.082
28.5170 40.9020 10.0 0.082
28.1090 40.7010 10.0 0.082
29.3060 40.2240 10.0 0.082
28.0030 40.2070 10.0 0.082
29.3120 40.2500 10.0 0.082
27.4680 40.7600 10.0 0.082
27.8430 40.4410 10.0 0.077
28.7210 41.1170 10.0 0.077
29.3560 40.2100 10.0 0.077
28.1290 40.4650 10.0 0.077
29.2940 40.5660 10.0 0.077
29.9800 40.6330 10.0 0.077
29.9040 40.7540 10.0 0.077
29.1040 40.7990 10.0 0.077
29.6380 40.8160 10.0 0.077
29.0540 40.6460 10.0 0.077
28.3200 40.8490 10.0 0.077
28.4850 41.1130 10.0 0.077
28.1820 40.4600 10.0 0.077
28.6350 40.7070 10.0 0.077
27.9820 40.4370 10.0 0.077
27.7040 40.8830 10.0 0.077
28.3670 40.8710 10.0 0.077
28.5180 41.1070 10.0 0.077
27.4570 40.4940 10.0 0.077
29.2300 40.2640 10.0 0.077
29.3740 40.2670 10.0 0.077
28.6230 40.7440 10.0 0.077
29.7800 40.6720 10.0 0.077
29.9820 40.6930 10.0 0.077
29.2530 40.3350 10.0 0.077
29.0450 40.5590 10.0 0.077
28.7890 41.0830 10.0 0.077
29.9230 40.7190 10.0 0.077
29.1300 40.6400 10.0 0.077
28.8250 41.1060 10.0 0.077
29.4910 40.3230 10.0 0.077
27.7810 40.7910 10.0 0.077
29.4000 40.2250 10.0 0.077
28.8550 40.7300 10.0 0.077
29.5120 40.8910 10.0 0.077
29.3480 40.4930 10.0 0.077
28.9370 40.3930 10.0 0.077
28.6270 40.7220 10.0 0.077
29.0100 40.6050 10.0 0.077
27.6780 40.8400 10.0 0.077
28.7640 40.3820 10.0 0.077
29.6190 40.7850 10.0 0.077
29.2520 40.2080 10.0 0.077
28.9310 40.3650 10.0 0.077
29.2620 40.2220 10.0 0.077
28.4770 41.1390 10.0 0.077
28.9090 40.5900 10.0 0.077
28.7560 41.1180 10.0 0.077
27.4680 40.6160 10.0 0.077
27.5130 40.7060 10.0 0.077
28.9380 40.6700 10.0 0.077
28.9100 40.6080 10.0 0.077
27.1120 40.3420 10.0 0.077
29.9960 40.6470 10.0 0.077
28.8670 40.3490 10.0 0.077
29.1080 40.6260 10.0 0.077
29.0840 40.7960 10.0 0.077
28.8350 40.3940 10.0 0.077
29.2730 40.4930 10.0 0.077
28.7800 41.1460 10.0 0.077
29.3750 40.8170 10.0 0.077
29.9010 40.6920 10.0 0.077
28.7580 40.2560 10.0 0.077
29.7180 40.6790 10.0 0.077
27.4790 40.4010 10.0 0.077
28.7710 41.1830 10.0 0.077
28.7130 40.6980 10.0 0.077
28.4680 41.1360 10.0 0.077
27.5340 40.6870 10.0 0.077
29.0080 40.4820 10.0 0.077
29.6520 40.8230 10.0 0.077
28.8490 40.3870 10.0 0.077
29.2360 40.8000 10.0 0.077
29.2270 40.2230 10.0 0.077
29.9760 40.7700 10.0 0.077
29.1970 40.5480 10.0 0.077
29.1150 40.4680 10.0 0.077
29.0050 40.6420 10.0 0.077
28.4720 41.1290 10.0 0.077
29.3330 41.0780 10.0 0.077
29.1010 40.6450 10.0 0.077
28.5400 41.2050 10.0 0.077
28.7780 40.2950 10.0 0.077
28.5430 41.1480 10.0 0.077
28.8690 40.4520 10.0 0.077
27.5040 40.7810 10.0 0.077
28.8460 40.4730 10.0 0.077
29.7700 40.7210 10.0 0.077
28.3030 40.3250 10.0 0.077
28.7790 40.2670 10.0 0.077
29.2770 40.3270 10.0 0.077
28.7420 40.3950 10.0 0.077
29.4530 40.2890 10.0 0.077
27.8070 40.8360 10.0 0.077
28.6100 40.6800 10.0 0.077
29.4700 40.7910 10.0 0.077
28.6040 40.8230 10.0 0.077
28.3610 40.8130 10.0 0.077
27.0670 40.6960 10.0 0.077
29.3590 40.3170 10.0 0.077
27.9400 40.8110 10.0 0.077
29.7600 40.6690 10.0 0.077
29.2450 40.2380 10.0 0.077
29.8950 40.7240 10.0 0.077
29.8870 40.5040 10.0 0.077
29.2840 40.3000 10.0 0.077
28.6120 40.7160 10.0 0.077
27.6160 40.6520 10.0 0.077
28.7200 40.8340 10.0 0.077
29.4690 40.3170 10.0 0.077
28.4390 40.9760 10.0 0.077
27.9750 40.7620 10.0 0.077
28.9620 41.2450 10.0 0.077
29.8260 40.7350 10.0 0.077
29.1250 40.4840 10.0 0.077
29.6250 40.8430 10.0 0.077
29.2430 40.2060 10.0 0.077
27.9660 40.4400 10.0 0.077
29.3450 41.0200 10.0 0.077
29.4900 40.6900 10.0 0.077
27.9570 40.8310 10.0 0.077
29.0340 40.7320 10.0 0.077
28.7980 40.9930 10.0 0.077
28.4770 41.1490 10.0 0.077
29.2620 40.4810 10.0 0.077
27.2690 40.6720 10.0 0.077
28.7770 40.2200 10.0 0.077
28.7900 40.2740 10.0 0.077
27.7780 40.7940 10.0 0.077
29.1960 40.6680 10.0 0.077
29.8370 40.7090 10.0 0.077
29.2990 40.5560 10.0 0.077
28.9520 41.0910 10.0 0.077
28.8930 40.4500 10.0 0.077
29.1560 40.3540 10.0 0.077
27.6920 40.6170 10.0 0.077
28.6470 40.3860 10.0 0.077
28.6370 40.8290 10.0 0.077
28.0790 40.5240 10.0 0.077
29.9950 40.6800 10.0 0.077
29.6110 40.2250 10.0 0.077
28.0530 40.4340 10.0 0.077
27.9250 40.2840 10.0 0.077
27.8910 40.7540 10.0 0.077
29.2320 40.7410 10.0 0.077
29.3000 40.4220 10.0 0.077
29.2090 40.2000 10.0 0.077
28.7310 40.2530 10.0 0.077
29.3240 40.2160 10.0 0.077
29.2770 40.4390 10.0 0.077
29.5050 40.2770 10.0 0.077
28.4890 41.1500 10.0 0.077
29.5020 40.8380 10.0 0.077
28.4850 41.1450 10.0 0.077
29.3390 40.3320 10.0 0.077
28.5940 40.4420 10.0 0.077
29.8840 40.6410 10.0 0.077
27.9510 40.2510 10.0 0.077
28.8450 41.1060 10.0 0.077
29.2040 40.2420 10.0 0.077
27.3080 40.9620 10.0 0.077
26.7920 40.4810 10.0 0.077
29.2150 40.4700 10.0 0.077
29.0300 40.6160 10.0 0.077
29.0900 40.7820 10.0 0.077
27.7800 40.3960 10.0 0.077
27.5290 40.3770 10.0 0.077
29.5790 40.6490 10.0 0.077
29.1420 40.2550 10.0 0.077
29.2880 40.9140 10.0 0.077
28.8720 40.3900 10.0 0.077
29.2860 40.7540 10.0 0.077
28.6910 41.2520 10.0 0.077
28.4730 40.4250 10.0 0.077
27.3630 40.5920 10.0 0.077
29.2400 40.2240 10.0 0.077
28.6900 40.8020 10.0 0.077
28.9440 40.5220 10.0 0.077
28.9280 40.6080 10.0 0.077
28.8760 40.3790 10.0 0.077
27.1220 40.3650 10.0 0.077
29.2360 40.7230 10.0 0.077
28.8240 40.4170 10.0 0.077
27.8330 40.6260 10.0 0.077
29.1620 40.2950 10.0 0.077
27.9680 40.8120 10.0 0.077
29.1980 40.2940 10.0 0.077
28.7290 40.3290 10.0 0.077
27.9500 40.2770 10.0 0.077
28.8020 40.4210 10.0 0.077
29.8410 40.6640 10.0 0.077
29.9890 40.4180 10.0 0.077
28.6660 40.7080 10.0 0.077
28.2940 40.4970 10.0 0.077
29.8940 40.6570 10.0 0.077
27.8190 40.7980 10.0 0.077
27.9360 40.4470 10.0 0.077
29.1870 40.2690 10.0 0.077
29.9510 40.6780 10.0 0.077
29.3020 40.5960 10.0 0.077
27.7290 40.8120 10.0 0.077
28.4890 41.1730 10.0 0.077
27.7290 40.8120 10.0 0.077
28.4740 41.2910 10.0 0.077
28.8690 40.6320 10.0 0.077
28.4470 41.1800 10.0 0.077
29.2440 40.5900 10.0 0.077
28.9020 41.1150 10.0 0.077
29.4030 40.6450 10.0 0.077
27.8150 40.8340 10.0 0.077
29.1350 40.7430 10.0 0.077
28.5670 41.2010 10.0 0.077
28.6810 41.0160 10.0 0.077
29.2300 40.2320 10.0 0.077
29.0210 40.6570 10.0 0.077
28.7950 40.2280 10.0 0.077
27.2560 40.3550 10.0 0.077
28.8410 40.4040 10.0 0.077
27.4760 40.2450 10.0 0.077
28.7350 40.5450 10.0 0.077
29.9770 40.6590 10.0 0.077
28.7390 40.8410 10.0 0.077
28.8790 41.0230 10.0 0.077
27.9860 40.7940 10.0 0.077
27.8850 40.8130 10.0 0.077
29.1730 40.8230 10.0 0.077
28.0210 40.2950 10.0 0.077
29.8960 40.6980 10.0 0.077
29.4000 41.0290 10.0 0.077
29.7030 40.7140 10.0 0.077
29.5660 40.7510 10.0 0.077
29.0200 40.6990 10.0 0.077
28.9430 40.4280 10.0 0.077
28.8660 40.4760 10.0 0.077
29.3380 40.4810 10.0 0.077
28.8820 41.1010 10.0 0.077
27.9720 40.3900 10.0 0.077
28.6210 40.7450 10.0 0.072
28.8000 40.2200 10.0 0.072
27.3640 40.7460 10.0 0.072
29.9710 40.7640 10.0 0.072
27.9540 40.8150 10.0 0.072
28.1970 40.4670 10.0 0.072
28.0020 40.3880 10.0 0.072
29.2690 40.3520 10.0 0.072
29.2050 40.7350 10.0 0.072
28.9920 40.3570 10.0 0.072
29.3240 40.6840 10.0 0.072
29.1830 40.4440 10.0 0.072
28.8790 40.4250 10.0 0.072
28.9330 40.5230 10.0 0.072
27.5580 40.7640 10.0 0.072
28.8390 40.2740 10.0 0.072
29.1080 40.7760 10.0 0.072
29.0660 40.7790 10.0 0.072
29.8250 40.6890 10.0 0.072
29.9070 40.7180 10.0 0.072
29.2810 40.8880 10.0 0.072
28.0830 40.7710 10.0 0.072
29.0390 40.6210 10.0 0.072
29.1890 40.3130 10.0 0.072
29.5880 40.9830 10.0 0.072
29.9000 40.6650 10.0 0.072
28.9400 40.5570 10.0 0.072
29.3810 40.2670 10.0 0.072
27.7300 40.8460 10.0 0.072
29.4300 40.6210 10.0 0.072
29.0180 40.6350 10.0 0.072
27.5150 40.3050 10.0 0.072
29.3050 40.2580 10.0 0.072
29.9840 40.7120 10.0 0.072
29.4660 40.8380 10.0 0.072
28.7310 40.3860 10.0 0.072
28.6390 40.7660 10.0 0.072
29.0980 40.8330 10.0 0.072
27.9790 40.4640 10.0 0.072
29.3490 40.2250 10.0 0.072
29.8560 40.7420 10.0 0.072
29.4940 40.9820 10.0 0.072
29.8820 40.6540 10.0 0.072
29.1630 40.2780 10.0 0.072
27.7760 40.4530 10.0 0.072
29.8720 40.6680 10.0 0.072
29.1820 40.4380 10.0 0.072
29.5370 40.8240 10.0 0.072
29.0100 41.1210 10.0 0.072
28.8040 40.2100 10.0 0.072
28.8950 40.4240 10.0 0.072
28.8880 40.6010 10.0 0.072
28.4890 40.3660 10.0 0.072
28.9580 41.2290 10.0 0.072
29.5030 40.8170 10.0 0.072
29.9010 40.7700 10.0 0.072
29.1720 40.2370 10.0 0.072
29.9130 40.6460 10.0 0.072
29.1300 40.6260 10.0 0.072
27.6350 40.6100 10.0 0.072
27.6820 40.5650 10.0 0.072
29.0790 40.6520 10.0 0.072
29.9190 40.7000 10.0 0.072
28.5270 40.4340 10.0 0.072
28.9220 40.4210 10.0 0.072
29.3200 40.5970 10.0 0.072
29.2180 40.4190 10.0 0.072
28.6690 40.6650 10.0 0.072
27.6750 40.8520 10.0 0.072
28.4960 41.0990 10.0 0.072
28.4590 41.0870 10.0 0.072
29.2690 40.2420 10.0 0.072
29.9660 40.6680 10.0 0.072
27.6770 40.4740 10.0 0.072
29.9830 40.6120 10.0 0.072
28.5250 41.1610 10.0 0.072
28.4660 41.1910 10.0 0.072
29.4580 40.3540 10.0 0.072
28.2690 40.7880 10.0 0.072
28.6550 40.7220 10.0 0.072
29.8830 40.6590 10.0 0.072
29.1580 40.7040 10.0 0.072
28.0840 40.5400 10.0 0.072
28.4490 41.1450 10.0 0.072
29.3060 40.5180 10.0 0.072
28.0500 40.4100 10.0 0.072
29.0840 40.5610 10.0 0.072
28.6500 40.7140 10.0 0.072
28.8400 41.0260 10.0 0.072
29.1940 40.6490 10.0 0.072
29.9760 40.6290 10.0 0.072
29.4020 40.2160 10.0 0.072
29.3700 41.0860 10.0 0.072
28.6450 40.6800 10.0 0.072
28.6450 40.7360 10.0 0.072
29.6780 40.7670 10.0 0.072
29.1550 40.7610 10.0 0.072
28.8130 40.4620 10.0 0.072
28.9260 40.4060 10.0 0.072
28.9330 40.2340 10.0 0.072
29.0360 40.8230 10.0 0.072
29.6340 40.8190 10.0 0.072
28.6810 40.4540 10.0 0.072
27.7850 40.6430 10.0 0.072
29.8810 40.6970 10.0 0.072
29.5120 40.7950 10.0 0.072
28.1940 40.4740 10.0 0.066
29.1310 40.7380 10.0 0.066
28.9250 40.5480 10.0 0.066
29.2300 40.2760 10.0 0.066
29.4860 40.8180 10.0 0.066
28.4870 41.0820 10.0 0.066
28.6440 40.7630 10.0 0.066
29.9940 40.6800 10.0 0.066
28.4890 41.0950 10.0 0.066
29.1230 40.6740 10.0 0.066
29.4590 40.6250 10.0 0.066
29.1260 40.8440 10.0 0.066
29.2440 40.2030 10.0 0.066
29.3050 40.5350 10.0 0.066
28.8870 40.2550 10.0 0.066
29.5150 40.2170 10.0 0.066
27.3750 40.7480 10.0 0.066
29.8600 40.6380 10.0 0.066
28.6920 41.1410 10.0 0.066
29.4180 40.7970 10.0 0.066
29.9210 40.6730 10.0 0.066
29.7390 40.6680 10.0 0.066
27.4380 40.4630 10.0 0.066
28.7690 40.3210 10.0 0.066
28.9270 40.5990 10.0 0.066
28.5540 41.0740 10.0 0.066
28.5110 40.3390 10.0 0.066
28.0460 40.4250 10.0 0.066
29.5350 40.8660 10.0 0.066
27.7700 40.3190 10.0 0.066
29.2300 40.2370 10.0 0.066
29.2880 40.6110 10.0 0.066
29.5610 40.2390 10.0 0.066
29.2220 40.7480 10.0 0.066
29.9050 40.6460 10.0 0.066
28.9290 40.3160 10.0 0.066
29.1020 40.5390 10.0 0.066
29.8540 40.6660 10.0 0.066
28.0270 40.3580 10.0 0.066
29.9100 40.6790 10.0 0.066
29.9480 40.6910 10.0 0.066
29.9010 40.6990 10.0 0.066
29.8270 40.7160 10.0 0.066
27.8870 40.3760 10.0 0.066
28.4780 41.1380 10.0 0.066
29.9750 40.6770 10.0 0.066
28.6450 40.7380 10.0 0.066
29.2550 40.8190 10.0 0.066
29.5380 40.3220 10.0 0.066
28.9770 40.6220 10.0 0.066
27.3420 40.7050 10.0 0.066
29.0910 40.7040 10.0 0.066
28.5190 41.1710 10.0 0.061
28.4710 41.1160 10.0 0.061
28.8020 41.1790 10.0 0.061
27.7310 40.2330 10.0 0.061
28.8240 40.4970 10.0 0.061
27.5610 40.2720 10.0 0.061
28.5090 41.1620 10.0 0.061
29.0360 40.7240 10.0 0.061
29.4150 40.8810 10.0 0.061
27.6560 40.6420 10.0 0.056
27.4120 40.3000 10.0 0.056
28.9680 40.7960 10.0 0.056
28.8020 41.1870 10.0 0.056
29.6870 40.7230 10.0 0.056
29.6590 40.6790 10.0 0.056
29.8380 40.6740 10.0 0.056
29.9780 40.6630 10.0 0.056
29.9280 40.6450 10.0 0.056
28.9860 41.2680 10.0 0.056
27.6160 40.7120 10.0 0.051
29.2280 40.2080 10.0 0.051
27.8230 40.3840 10.0 0.051
28.4980 41.1220 10.0 0.051
29.6220 40.2100 10.0 0.051
29.5780 40.8020 10.0 0.051
29.4750 40.3420 10.0 0.051
29.1820 40.6530 10.0 0.051
29.5730 40.8160 10.0 0.051
28.6360 40.4380 10.0 0.051
27.8900 40.4650 10.0 0.051
29.5600 40.8690 10.0 0.051
28.1910 40.7970 10.0 0.051
27.4470 40.7370 10.0 0.051
29.4780 40.3270 10.0 0.051
28.6120 41.0000 10.0 0.046
27.7480 40.6800 10.0 0.046
29.3530 41.0830 10.0 0.046
29.2700 40.2750 10.0 0.046
28.9040 40.2040 10.0 0.046
29.1200 40.7550 10.0 0.046
27.5000 40.7640 10.0 0.046
29.2020 40.2650 10.0 0.046
28.9130 40.4640 10.0 0.046
27.3540 40.3400 10.0 0.040
29.5340 40.2640 10.0 0.040
29.2740 40.2420 10.0 0.040
28.9970 40.5710 10.0 0.040
28.6970 41.1090 10.0 0.035
28.7020 40.8290 10.0 0.030
29.1840 40.3210 10.0 0.030
27.1790 40.5250 9.9 0.129
29.1424 40.9881 9.8 0.124
28.1230 40.8190 9.7 0.144
29.9880 40.6880 9.7 0.103
29.0070 40.6000 9.7 0.087
27.9198 40.8510 9.6 0.176
28.2850 40.8890 9.6 0.155
29.6480 40.7600 9.6 0.129
28.9450 40.3630 9.5 0.108
29.1600 40.4030 9.5 0.082
27.7480 40.7980 9.4 0.139
29.1740 40.7480 9.4 0.129
29.7440 40.3000 9.4 0.092
29.1070 40.4240 9.3 0.202
28.7644 40.8751 9.3 0.170
27.5720 40.7440 9.3 0.144
27.4460 40.8080 9.3 0.129
28.7690 40.8450 9.3 0.108
27.9860 40.2420 9.2 0.129
27.4100 40.6920 9.2 0.118
27.6710 40.6510 9.2 0.087
29.0810 40.6630 9.1 0.134
27.7870 40.2020 9.1 0.134
29.1760 40.7000 9.1 0.092
29.0400 40.6090 9.1 0.092
29.9170 40.7780 9.1 0.087
27.8300 40.4200 9.0 0.124
29.1860 40.7530 9.0 0.118
27.7420 40.8010 9.0 0.113
28.2600 40.8450 9.0 0.108
28.9620 40.5970 9.0 0.108
27.5020 40.6250 9.0 0.108
28.3660 40.4110 9.0 0.103
28.7180 40.8580 9.0 0.098
29.7080 40.3570 9.0 0.098
29.9840 40.6600 9.0 0.098
29.9230 40.7570 9.0 0.098
27.4990 40.2890 9.0 0.098
29.4340 40.3290 9.0 0.092
27.8940 40.6120 9.0 0.092
27.5690 40.7970 9.0 0.092
27.6090 40.6210 9.0 0.087
27.8390 40.8290 9.0 0.087
27.9020 40.2580 9.0 0.087
29.2030 40.4420 9.0 0.082
27.8180 40.6390 9.0 0.082
28.7560 40.8820 9.0 0.082
29.9640 40.6590 9.0 0.082
29.2780 40.7080 9.0 0.082
28.9680 40.5780 9.0 0.082
29.2070 40.4210 9.0 0.082
29.9560 40.7500 9.0 0.077
29.0520 40.6940 9.0 0.077
28.2210 40.5320 9.0 0.077
27.7780 40.7440 9.0 0.077
28.4620 41.2050 9.0 0.077
28.9450 40.5660 9.0 0.072
27.7360 40.5070 9.0 0.072
29.1840 40.6600 9.0 0.066
29.9580 40.6880 9.0 0.066
27.9860 40.2300 8.9 0.098
29.2180 40.8370 8.8 0.160
27.4240 40.3750 8.7 0.124
29.1950 40.7710 8.7 0.118
29.9910 40.7010 8.7 0.092
27.3670 40.5970 8.6 0.176
27.1140 40.4750 8.6 0.129
29.0170 40.6500 8.5 0.155
29.2660 40.7500 8.5 0.124
27.0450 40.3640 8.5 0.098
28.0010 40.2880 8.4 0.134
28.9990 40.6000 8.4 0.082
29.1140 40.6400 8.3 0.108
29.1100 40.6220 8.3 0.082
29.0120 40.4780 8.1 0.082
28.1502 40.9035 8.0 0.238
27.4170 40.7250 8.0 0.134
29.1350 40.4380 8.0 0.134
27.3430 40.7290 8.0 0.129
29.8420 40.7490 8.0 0.118
27.4300 40.8370 8.0 0.103
29.9940 40.6780 8.0 0.103
28.6540 40.4240 8.0 0.103
28.9740 40.5920 8.0 0.098
27.2470 40.3830 8.0 0.092
29.9010 40.7360 8.0 0.082
28.7810 40.3180 8.0 0.082
29.3630 40.9510 8.0 0.082
29.2140 40.2500 8.0 0.082
27.9790 40.7840 8.0 0.082
28.9640 40.6750 8.0 0.077
28.8610 40.4330 8.0 0.077
29.4650 40.8100 8.0 0.077
27.6910 40.8140 8.0 0.077
29.3130 40.9120 8.0 0.077
29.4580 40.8230 8.0 0.077
27.4930 40.6600 8.0 0.077
29.1290 40.6400 8.0 0.077
27.7760 41.0540 8.0 0.077
27.8650 40.7620 8.0 0.077
29.2010 40.2830 8.0 0.077
29.2010 40.2360 8.0 0.072
29.4970 40.8120 8.0 0.072
27.8160 40.2450 8.0 0.072
28.8850 41.1240 8.0 0.066
27.5910 40.7070 7.9 0.134
28.8010 40.2210 7.9 0.077
26.9280 40.2130 7.8 0.155
29.1930 40.6480 7.8 0.129
29.8110 40.7410 7.8 0.113
29.1450 40.2090 7.8 0.098
27.3300 40.5910 7.6 0.139
27.0960 40.5140 7.6 0.139
29.1310 40.7090 7.6 0.108
28.7710 40.7950 7.5 0.129
27.3440 40.7700 7.4 0.165
29.1800 40.7118 7.4 0.160
27.9123 40.8478 7.4 0.150
29.2840 40.6130 7.2 0.087
26.9200 40.2800 7.0 0.134
27.5150 40.7940 7.0 0.129
29.7970 40.6280 7.0 0.129
29.1270 40.3080 7.0 0.124
29.8420 40.6880 7.0 0.113
27.2180 40.4320 7.0 0.108
29.9520 40.7780 7.0 0.103
29.1520 40.6480 7.0 0.103
29.2000 40.7070 7.0 0.103
29.1100 40.6310 7.0 0.103
29.0830 40.6190 7.0 0.098
29.1200 40.6290 7.0 0.092
27.8860 40.8510 7.0 0.092
28.3260 40.3630 7.0 0.092
29.4320 40.2540 7.0 0.087
27.3240 40.6940 7.0 0.087
29.0940 40.6340 7.0 0.087
29.0670 40.5930 7.0 0.087
29.7000 40.7030 7.0 0.087
29.9060 40.7190 7.0 0.087
29.1160 40.6360 7.0 0.087
28.1020 40.4780 7.0 0.087
27.4570 40.7930 7.0 0.082
29.0960 40.6350 7.0 0.082
29.1140 40.6350 7.0 0.082
27.7020 40.5270 7.0 0.082
27.3850 40.7600 7.0 0.082
27.6640 40.7640 7.0 0.082
27.4690 40.6090 7.0 0.082
29.0150 41.1710 7.0 0.082
29.1630 40.6810 7.0 0.082
28.7520 40.8510 7.0 0.082
29.1380 40.6470 7.0 0.082
28.7010 40.8910 7.0 0.077
29.2530 40.5150 7.0 0.077
29.6790 40.2740 7.0 0.077
29.3670 41.1470 7.0 0.077
28.9850 40.4510 7.0 0.077
29.2690 40.7610 7.0 0.077
29.3300 40.3310 7.0 0.077
28.9680 40.6790 7.0 0.072
29.2240 40.4300 7.0 0.072
29.5910 40.8150 6.9 0.072
29.2147 40.7032 6.8 0.155
27.3670 40.3220 6.7 0.165
29.2560 40.6120 6.7 0.087
27.3680 40.7290 6.6 0.113
27.0940 40.3930 6.5 0.129
27.5120 40.8170 6.5 0.113
28.0270 40.2500 6.5 0.113
28.3900 40.5860 6.4 0.150
27.5770 40.8230 6.4 0.087
29.1090 40.6250 6.4 0.082
27.1110 40.3710 6.3 0.118
29.2450 40.5350 6.3 0.098
27.4490 40.3990 6.2 0.124
27.4480 40.3690 6.0 0.155
27.4470 40.7210 6.0 0.144
29.1190 40.6230 6.0 0.108
27.1500 40.4730 6.0 0.103
29.3390 40.3540 6.0 0.103
27.4690 40.7850 6.0 0.098
29.1030 40.6090 6.0 0.098
28.0550 40.8560 6.0 0.098
29.0950 40.6160 6.0 0.092
27.7370 40.7260 6.0 0.092
28.8870 40.6380 6.0 0.087
28.1010 40.7760 6.0 0.087
29.2810 40.5330 6.0 0.087
27.5470 40.6800 6.0 0.087
29.4930 40.8780 6.0 0.082
28.0140 40.6190 6.0 0.082
27.4890 40.5560 6.0 0.082
29.7840 40.7060 6.0 0.082
28.5900 40.6170 6.0 0.082
27.5470 40.7820 6.0 0.077
29.0520 40.6360 6.0 0.077
29.2250 40.4780 6.0 0.077
28.8560 40.2360 6.0 0.077
27.8730 40.7890 6.0 0.077
28.7660 40.3080 6.0 0.077
28.7260 40.8620 6.0 0.077
29.2170 40.2510 6.0 0.072
29.2300 40.5910 6.0 0.072
28.9480 40.2620 6.0 0.072
29.2660 40.6870 6.0 0.066
29.4530 40.8040 6.0 0.061
29.1850 40.7650 6.0 0.061
28.0050 40.3720 5.9 0.134
27.5900 40.7150 5.9 0.108
29.0630 40.6760 5.9 0.082
27.5630 40.7750 5.8 0.082
29.1213 40.4095 5.7 0.155
29.2330 40.6420 5.6 0.113
29.1050 40.6390 5.6 0.082
29.1630 40.6890 5.6 0.082
29.1940 40.7270 5.6 0.077
29.1010 40.6410 5.6 0.072
29.7330 40.7490 5.5 0.113
29.1530 40.7080 5.5 0.113
29.0070 40.6540 5.5 0.087
29.9640 40.7070 5.5 0.087
29.7980 40.7840 5.5 0.082
29.1370 40.6210 5.5 0.082
29.1740 40.6380 5.4 0.113
28.5490 40.8070 5.4 0.108
28.9900 40.4200 5.4 0.103
28.6880 40.8520 5.4 0.092
28.6940 40.8510 5.4 0.082
27.5630 40.7460 5.3 0.098
29.9720 40.7530 5.3 0.092
28.8950 40.4390 5.1 0.150
28.9630 40.5790 5.1 0.082
29.9540 40.2470 5.0 0.176
29.0210 40.4590 5.0 0.144
27.7990 40.3930 5.0 0.134
27.4030 40.6910 5.0 0.129
29.1940 40.2510 5.0 0.129
28.0600 40.4000 5.0 0.124
26.9520 40.2090 5.0 0.124
29.9770 40.6680 5.0 0.118
27.3800 40.3790 5.0 0.118
29.9330 40.6990 5.0 0.118
28.9080 40.7840 5.0 0.113
29.3220 40.2340 5.0 0.113
29.2860 40.2320 5.0 0.113
27.3780 40.8240 5.0 0.108
28.1150 40.8000 5.0 0.108
29.9940 40.6710 5.0 0.108
29.0490 40.7700 5.0 0.108
27.3160 40.3520 5.0 0.103
29.0730 40.7630 5.0 0.103
28.1260 40.8330 5.0 0.103
28.8970 40.2160 5.0 0.103
28.4240 40.4500 5.0 0.103
29.8010 40.7030 5.0 0.103
29.8290 40.6760 5.0 0.103
29.9180 40.7160 5.0 0.103
29.9800 40.7120 5.0 0.103
29.9100 40.6930 5.0 0.103
28.7400 40.8500 5.0 0.103
29.8620 40.7210 5.0 0.098
28.8650 40.4150 5.0 0.098
29.1170 40.6480 5.0 0.098
29.9410 40.7050 5.0 0.098
29.1140 40.6310 5.0 0.098
28.7160 40.8630 5.0 0.098
29.3080 40.2290 5.0 0.098
26.9900 40.2220 5.0 0.098
29.0990 40.4390 5.0 0.098
28.1630 40.8620 5.0 0.098
28.9630 41.2320 5.0 0.098
27.8040 40.8200 5.0 0.098
29.9680 40.8010 5.0 0.098
27.9540 40.4660 5.0 0.098
28.8780 40.2360 5.0 0.098
27.6020 40.7460 5.0 0.098
28.9840 40.4050 5.0 0.098
29.3100 40.2840 5.0 0.098
29.0610 40.7580 5.0 0.098
29.9410 40.3460 5.0 0.092
28.1340 40.8030 5.0 0.092
29.0120 40.2420 5.0 0.092
28.7260 41.0970 5.0 0.092
29.6950 40.7570 5.0 0.092
28.7090 40.8510 5.0 0.092
27.1320 40.2820 5.0 0.092
29.1030 40.6310 5.0 0.092
29.1880 40.6950 5.0 0.092
29.0950 40.6310 5.0 0.092
29.8330 40.7210 5.0 0.092
29.0100 40.4830 5.0 0.092
29.1260 40.6290 5.0 0.092
29.1890 41.1850 5.0 0.092
27.8530 40.8050 5.0 0.092
29.1060 40.6280 5.0 0.092
29.2300 40.6040 5.0 0.092
29.1580 40.6400 5.0 0.092
29.8970 40.6990 5.0 0.092
27.8940 40.8150 5.0 0.092
29.0420 40.2520 5.0 0.092
29.7400 40.6880 5.0 0.092
29.0780 40.6250 5.0 0.092
29.3430 41.1180 5.0 0.092
29.1840 40.6870 5.0 0.092
29.9690 40.7020 5.0 0.087
27.8460 40.8080 5.0 0.087
28.9530 40.4480 5.0 0.087
27.4850 40.7900 5.0 0.087
28.4960 41.1370 5.0 0.087
29.9500 40.7410 5.0 0.087
29.0320 40.7130 5.0 0.087
29.8540 40.2940 5.0 0.087
29.1390 40.6390 5.0 0.087
27.8020 40.7980 5.0 0.087
27.7470 40.7310 5.0 0.087
27.3830 40.5390 5.0 0.087
29.8780 40.7250 5.0 0.087
28.5210 40.5220 5.0 0.087
28.9390 40.4390 5.0 0.087
27.4440 40.7680 5.0 0.087
29.6060 40.7600 5.0 0.087
29.0630 41.2300 5.0 0.087
28.2950 40.3830 5.0 0.087
28.1990 40.4500 5.0 0.087
28.7980 40.3990 5.0 0.087
28.0650 40.8850 5.0 0.087
27.0880 40.3040 5.0 0.087
27.4650 40.2000 5.0 0.087
29.9210 40.7400 5.0 0.087
27.9310 40.7740 5.0 0.087
27.9730 40.4650 5.0 0.087
28.4920 41.1660 5.0 0.087
27.7890 40.2530 5.0 0.087
28.0400 40.2120 5.0 0.087
29.1610 40.3360 5.0 0.087
27.3860 40.7240 5.0 0.087
29.8580 40.7050 5.0 0.087
28.1330 40.8200 5.0 0.087
29.3220 40.2170 5.0 0.087
28.6820 40.4910 5.0 0.087
28.7250 40.8660 5.0 0.087
29.1080 40.6540 5.0 0.087
28.4730 41.1510 5.0 0.087
26.9430 40.2410 5.0 0.087
29.8470 40.7440 5.0 0.087
29.9880 40.6620 5.0 0.087
27.4060 40.3180 5.0 0.087
29.9150 40.7190 5.0 0.087
29.9860 40.6720 5.0 0.087
28.2170 40.7700 5.0 0.087
28.7860 40.5990 5.0 0.087
29.0440 40.6200 5.0 0.087
28.6920 41.1180 5.0 0.087
28.5110 41.1400 5.0 0.082
29.2170 40.4370 5.0 0.082
28.9420 40.4660 5.0 0.082
29.1230 40.5860 5.0 0.082
28.0810 40.4580 5.0 0.082
27.9650 40.9450 5.0 0.082
28.0170 40.2250 5.0 0.082
28.7500 40.8480 5.0 0.082
26.8780 40.3240 5.0 0.082
27.4990 40.7690 5.0 0.082
27.8000 40.8020 5.0 0.082
27.5670 40.7320 5.0 0.082
29.2050 40.5150 5.0 0.082
28.4440 41.1080 5.0 0.082
27.7810 40.8350 5.0 0.082
28.6500 40.9320 5.0 0.082
28.3340 40.3820 5.0 0.082
28.4610 41.1220 5.0 0.082
29.7540 40.7320 5.0 0.082
29.0880 40.7750 5.0 0.082
27.5180 40.7730 5.0 0.082
28.7940 40.2260 5.0 0.082
27.7910 40.8490 5.0 0.082
27.7880 40.8150 5.0 0.082
28.6470 41.2990 5.0 0.082
27.4920 40.5940 5.0 0.082
28.3280 40.3980 5.0 0.082
27.8110 40.7940 5.0 0.082
28.1110 40.7490 5.0 0.082
29.0770 40.6150 5.0 0.082
29.8780 40.7260 5.0 0.082
28.7370 40.7850 5.0 0.082
28.6910 41.0780 5.0 0.082
27.4600 40.2790 5.0 0.082
28.0720 40.8240 5.0 0.082
27.9840 41.0500 5.0 0.082
29.7820 40.7090 5.0 0.082
28.2160 40.5200 5.0 0.082
29.4200 40.3430 5.0 0.082
28.4730 41.1510 5.0 0.082
27.7660 40.8250 5.0 0.082
29.1100 40.7420 5.0 0.082
28.6780 41.0370 5.0 0.082
28.5170 41.1080 5.0 0.082
28.8600 40.3830 5.0 0.082
27.9100 40.3970 5.0 0.082
29.9130 40.7250 5.0 0.082
29.1630 40.6420 5.0 0.082
29.8900 40.6770 5.0 0.082
27.4980 40.7760 5.0 0.082
29.1790 40.6880 5.0 0.082
26.9650 40.2140 5.0 0.082
29.9370 40.5420 5.0 0.082
28.4860 40.8570 5.0 0.082
28.5750 41.1500 5.0 0.082
29.1460 40.6370 5.0 0.082
29.1460 40.6400 5.0 0.082
27.7720 40.9080 5.0 0.082
27.4940 40.7880 5.0 0.082
27.7670 40.8140 5.0 0.082
29.0890 40.7480 5.0 0.082
27.2750 40.3140 5.0 0.082
28.3490 40.5540 5.0 0.082
28.0460 40.8400 5.0 0.082
29.0960 40.7760 5.0 0.082
27.3610 40.3500 5.0 0.082
27.5990 40.7390 5.0 0.082
28.4890 41.1590 5.0 0.082
28.8920 40.3850 5.0 0.077
29.8880 40.6960 5.0 0.077
28.1220 40.2900 5.0 0.077
29.8940 40.7040 5.0 0.077
28.8640 40.4550 5.0 0.077
29.0720 40.7730 5.0 0.077
28.9990 40.7300 5.0 0.077
29.1670 40.4890 5.0 0.077
27.8180 40.5890 5.0 0.077
27.4020 40.7510 5.0 0.077
27.9810 40.7970 5.0 0.077
29.3090 40.2810 5.0 0.077
29.0720 40.7520 5.0 0.077
28.4620 40.8440 5.0 0.077
29.1680 40.4950 5.0 0.077
28.8280 41.2740 5.0 0.077
29.2290 40.4680 5.0 0.077
29.8430 40.6600 5.0 0.077
28.7250 40.6100 5.0 0.077
29.3210 40.2740 5.0 0.077
29.0790 40.7610 5.0 0.077
28.8230 41.2570 5.0 0.077
29.9010 40.7240 5.0 0.077
28.6390 41.0320 5.0 0.077
28.0550 40.4680 5.0 0.077
29.2110 40.7710 5.0 0.077
27.9760 40.8170 5.0 0.077
28.7970 40.4650 5.0 0.077
28.3570 40.8310 5.0 0.077
29.0670 40.6300 5.0 0.077
28.7530 41.0830 5.0 0.077
29.2700 40.9100 5.0 0.077
28.9040 40.2330 5.0 0.077
28.9860 40.5930 5.0 0.077
29.1010 40.7820 5.0 0.077
29.0910 40.6320 5.0 0.077
29.9240 40.6810 5.0 0.077
27.3000 40.4600 5.0 0.077
29.0690 40.7740 5.0 0.077
29.0600 40.7270 5.0 0.077
29.1350 40.6090 5.0 0.077
27.9220 40.9600 5.0 0.077
29.1910 40.7420 5.0 0.077
29.9040 40.7240 5.0 0.077
28.7270 40.8610 5.0 0.077
29.2140 40.6920 5.0 0.077
29.9370 40.5540 5.0 0.077
27.7670 40.6290 5.0 0.077
28.7370 40.8840 5.0 0.077
29.1400 40.6600 5.0 0.077
28.0720 40.7980 5.0 0.077
29.2920 40.2800 5.0 0.077
29.8670 40.7350 5.0 0.077
29.8620 40.6510 5.0 0.077
29.0590 40.4260 5.0 0.077
29.0980 40.7760 5.0 0.077
27.8530 40.8220 5.0 0.077
28.0050 40.3810 5.0 0.077
29.1270 40.6590 5.0 0.077
28.6140 40.8480 5.0 0.077
29.8550 40.6560 5.0 0.077
28.0550 40.4950 5.0 0.077
28.9110 40.5600 5.0 0.077
27.8130 40.8120 5.0 0.077
29.8480 40.6680 5.0 0.077
28.0210 40.8060 5.0 0.077
29.0180 41.2020 5.0 0.077
28.9290 41.2160 5.0 0.077
27.7260 40.5660 5.0 0.077
29.0540 40.7530 5.0 0.072
28.8780 41.1380 5.0 0.072
29.3160 40.9860 5.0 0.072
28.9750 40.3810 5.0 0.072
27.5860 40.4050 5.0 0.072
28.7180 40.4610 5.0 0.072
29.2650 40.7530 5.0 0.072
29.8820 40.6620 5.0 0.072
29.9380 40.6280 5.0 0.072
29.0930 40.7620 5.0 0.072
29.0840 40.7840 5.0 0.072
29.1130 40.7760 5.0 0.072
29.9020 40.7470 5.0 0.072
28.7620 40.8260 5.0 0.072
29.0690 40.7670 5.0 0.072
29.8960 40.6670 5.0 0.072
28.9330 40.6250 5.0 0.072
27.5290 40.3700 5.0 0.072
29.1110 40.7730 5.0 0.072
28.8930 40.4520 5.0 0.072
29.0770 40.7990 5.0 0.072
29.9140 40.7390 5.0 0.072
29.0740 40.7960 5.0 0.072
29.8830 40.6410 5.0 0.072
28.3260 40.2150 5.0 0.072
29.1670 40.4660 5.0 0.072
29.1700 40.4350 5.0 0.072
29.8610 40.6120 5.0 0.072
29.0840 40.7810 5.0 0.072
29.2520 40.5230 5.0 0.072
28.7060 40.5930 5.0 0.072
29.1530 40.4960 5.0 0.072
29.1580 40.4770 5.0 0.072
27.5240 40.4390 5.0 0.072
28.9380 40.5510 5.0 0.072
27.6160 40.8510 5.0 0.072
29.0220 40.7850 5.0 0.072
29.3160 40.2720 5.0 0.072
29.3970 40.9370 5.0 0.066
27.8370 40.5520 5.0 0.066
28.8460 40.5950 5.0 0.066
29.1810 40.4460 5.0 0.066
28.9410 40.4380 5.0 0.066
29.8750 40.6100 5.0 0.066
28.4310 41.1410 5.0 0.066
28.7020 40.4770 5.0 0.066
28.4390 41.1510 5.0 0.061
29.8410 40.6530 5.0 0.061
28.1300 40.8360 5.0 0.051
27.2580 40.6240 4.9 0.124
28.0220 40.2840 4.8 0.124
29.3190 40.2030 4.7 0.150
27.4290 40.6040 4.7 0.118
29.3340 40.7290 4.7 0.098
29.0260 40.2370 4.7 0.087
29.1140 40.6870 4.0 0.082
28.0520 40.3210 4.0 0.077
27.5350 40.7620 3.5 0.087
29.1890 40.6550 3.3 0.087
29.1227 40.4567 3.2 0.113
28.7800 40.2420 3.0 0.077
28.8930 41.1270 3.0 0.066
29.1840 40.6630 2.9 0.082
28.7210 40.4660 2.8 0.129
29.1750 40.6800 2.6 0.103
27.3560 40.2950 2.0 0.082
27.6100 40.6520 2.0 0.066
27.5490 40.6950 1.2 0.118
29.1480 40.5320 1.2 0.098
27.5740 40.6260 1.0 0.103
29.0480 40.6670 0.1 0.144
29.1370 40.4570 0.1 0.098
29.2890 40.9190 0.1 0.098
27.4350 40.7700 0.1 0.087
26.9270 40.6380 0.0 0.144
28.1280 40.8390 0.0 0.077
